Stability: (0.7619047619047619, 0.1142898478088466)
Truthfulness: (0.15654761904761905, 0.02568505834570407)
