resnet50: (0.7519841269841269, 0.10212955167961259)
inceptionv3: (0.01091269841269841, 0.015432886097325441)
