logit_acc: (0.8890192307692307, 0.8614615384615385, 0.8651538461538462)
fix_acc: (0.8900384615384616, 0.8637692307692307, 0.8647692307692307)
logit_knn: 0.837
round_knn: 0.688
predict_knn: 0.69
prob_1: 0.835
prob_2: 0.839
concept_prob: 0.841
trimmed: 0.668
baseline: 0.837, 0.837, 0.837
concept: 0.828, 0.838, 0.841
idx: 806
y_image: 0
baseline_image: 1
concept_image: 0
baseline_images: [1159 2772  268 3777 2275]
concept_images: [2697 3253 3676 3749 2165]
