logit_acc: (0.9770995919218396, 0.9445504412115431, 0.9468030351595247)
fix_acc: (0.9802420916239724, 0.9468608394943954, 0.9488171260910301)
logit_knn: 0.6731101139109423
round_knn: 0.6280635139799793
predict_knn: 0.6441146013117017
prob_1: 0.6751812219537453
prob_2: 0.6758715913013462
concept_prob: 0.6772523299965482
trimmed: 0.6330686917500863
baseline: 0.6731101139109423, 0.6731101139109423, 0.6731101139109423
concept: 0.676389368312047, 0.6794960303762513, 0.6753538142906454
idx: ???
y_image: 19
baseline_image: 199
concept_image: 19
baseline_images: 3991, 2121, 1246,  503, 2427
concept_images: 4445,  503, 3991, 2121, 2916
