logit_acc: (0.6999333333333333, 0.7022222222222222, 0.7004444444444444)
fix_acc: (0.8003555555555556, 0.7983703703703704, 0.796074074074074)
logit_knn: 0.5546666666666666
round_knn: 0.152
predict_knn: 0.46
prob_1: 0.592
prob_2: 0.5386666666666666
concept_prob: 0.6
trimmed: 0.36
baseline: 0.5546666666666666, 0.5546666666666666, 0.5546666666666666
concept: 0.5946666666666667, 0.576, 0.6
idx: 668
y_image: 33
baseline_image: 53
concept_image: 33
baseline_images: [  44 2084   83 1904 1976]
concept_images: [1709 1642 1599 1693 1589]
